taxol <- c("160517_1_cor_steps.txt","160517_3_cor_steps.txt","160517_6_steps.txt",
"160517_9_cor_steps.txt", "160517_12_cor_steps.txt", "160718_1_cor_steps.txt", 
"160718_2_cor_steps.txt","170316_3_cor_steps.txt",
"170316_5_cor_steps.txt","170317_5_cor_steps.txt","160825_10_cor_steps.txt") #Pig MT taxol

epo <- c("160525_4_steps.txt", "160525_6_cor_steps.txt", "160525_15_cor_steps.txt", 
"160525_19_cor_steps.txt", "160525_26_cor_steps.txt",
"170307_1_cor_steps.txt","170307_2_cor_steps.txt","170307_3_cor_steps.txt",
"170307_5_cor_steps.txt","170307_7_cor_steps.txt","170307_8_cor_steps.txt",
"170307_11_cor_steps.txt","170307_13_cor_steps.txt","170307_14_cor_steps.txt",
"170307_16_cor_steps.txt","170307_17_steps.txt","170307_18_cor_steps.txt",
"170317_12_cor_steps.txt",
"170318_4_steps.txt","170318_6_cor_steps.txt",
"170318_8_cor_steps.txt","170318_13_steps.txt","170318_14_cor_steps.txt", "170318_12_steps.txt") #Pig epo and GMPCPP

g <- c("160809_3_steps.txt", "160809_4_cor_steps.txt","160809_5_cor_steps.txt",
"160809_6_cor_steps.txt","160811_4_cor_steps.txt","160811_5_cor_steps.txt","160811_7_cor_steps.txt") #Pig GMPCPP only

pombe <- c("160525_33_cor_steps.txt", "160521_7_cor_steps.txt","160521_13_cor_steps.txt",
"160527_2_cor_steps.txt", "160527_6_cor_steps.txt", "160920_4_cor_steps.txt","160920_6_cor_steps.txt",
"160920_7_cor_steps.txt","160920_15_cor_steps.txt", "170112_6_cor_steps.txt",
"170112_7_steps.txt","170112_10_cor_steps.txt") #Pombe

gdp <- c("170202_1_cor_steps.txt", "170202_3_cor_steps.txt",
"170202_11_cor_steps.txt", "170202_15_cor_steps.txt","170202_6_cor_steps.txt", "170202_13_cor_steps.txt") #GDP pig

adp <- c("180329_4_cor_steps.txt","180329_6_cor_steps.txt","180329_7_cor_steps.txt","180328_1_steps.txt",
"180328_6_steps.txt", "180319_8_cor_steps.txt","180319_9_cor_steps.txt")

high <- c("180320_7_steps.txt","180320_1_cor_steps.txt","180425_6_cor_steps.txt","180425_7_steps.txt","180425_9_cor_steps.txt","180425_10_cor_steps.txt","180425_11_cor_steps.txt")

nick <- c("nick1mMATP_steps.txt")


d_taxol <- "C:/Users/algis/Desktop/Algis/Algis_UoW/analysis/Dkin_PigMT/taxol"
d_epo <- "C:/Users/algis/Desktop/Algis/Algis_UoW/analysis/Dkin_PigMT/GMPCPP_epo"
d_g <- "C:/Users/algis/Desktop/Algis/Algis_UoW/analysis/Dkin_PigMT/GMPCPP_only"
d_pombe <- "C:/Users/algis/Desktop/Algis/Algis_UoW/analysis/Dkin_PombeMT"
d_gdp <- "C:/Users/algis/Desktop/Algis/Algis_UoW/analysis/Dkin_PigMT/GDP"
d_adp <- "C:/Users/algis/Desktop/Algis/Algis_UoW/analysis/Dkin_PigMT/ADP"
d_high <- "C:/Users/algis/Desktop/Algis/Algis_UoW/analysis/Dkin_PigMT/high_ionic"


## batch mode

filelist_list <- list(epo,pombe,taxol)
directory_list <- list(d_epo,d_pombe,d_taxol)
col_list <- c(1,2,4)

##### batch loop

for (o in 1:length(filelist_list) ) {

filelist <- unlist(filelist_list[o])
directory <- unlist(directory_list[o])
coll <- col_list[o]

layout(matrix(c(1,1,1,2), 1, 1))

title <- strsplit(directory,"/"); title <- unlist(title); title <- title[length(title)]

#coll=4
par(new=TRUE) #allows overlaying plots

#exclude false dwells
setwd("C:/Users/algis/Desktop/Algis/Algis_UoW/analysis/")
falsedwells <- read.table("false_dwells.txt")
falsesteps <- read.table("false_steps.txt")

#

setwd(directory)

slopes <- c(); intercepts <- c(); c <- list(); dffit2 <- c()
minback <- -12
interval <- 1
ffrom <- 3
fto <- 9

# read in
bthr3 <- read.table(filelist[1], skip = 6,sep=" ") 
bthr3$file <- rep(as.character(read.table(filelist[1],nrow=1)[1,1]),nrow(bthr3))

for (i in filelist[2:length(filelist)]) {

bthr3_temp <- read.table(i, skip = 6,sep=" ")
bthr3_temp$file <- rep(as.character(read.table(i,nrow=1)[1,1]),nrow(bthr3_temp))
bthr3 <- rbind(bthr3, bthr3_temp)

}

bthr3 <- bthr3[!((bthr3$time %in% falsedwells$time) & (bthr3$tscore %in% falsedwells$tscore)),] #remove steps with false dwells
bthr3 <- bthr3[!((bthr3$time %in% falsesteps$time) & (bthr3$tscore %in% falsesteps$tscore)),] #remove false steps


##### binning

avF <- c(); avD <- c(); avA <- c(); nfor <- c(); nback <- c(); ndrop <- c();
se <- c(); vel <- c(); avDf <- c(); avDb <- c(); avDd <- c(); nbackall <- c();nslip <- c(); nall <- c(); nDf <- c()
nDb <- c(); nDdbb <- c()



for (i in seq(ffrom,fto,by=interval)) {

p <- bthr3$amplitude> minback & bthr3$force >= i-interval/2 & bthr3$force < i+interval/2 #back and for
a <- bthr3$amplitude>0 & bthr3$force >= i-interval/2 & bthr3$force < i+interval/2 #for
b <- bthr3$amplitude<0 & bthr3$amplitude> minback & bthr3$force >= i-interval/2 & bthr3$force < i+interval/2 #back
dbb <- bthr3$amplitude < minback & bthr3$force >= i-interval/2 & bthr3$force < i+interval/2 # Detachments+big backsteps

d <- bthr3$mean1 < 20 & bthr3$amplitude < 0 & bthr3$force >= i-interval/2 & bthr3$force < i+interval/2 # Detachments only
bb <- bthr3$mean1 > 20 & bthr3$amplitude < 0 & bthr3$amplitude > -48 & bthr3$force >= i-interval/2 & bthr3$force < i+interval/2 #backsteps + backslips
bs <- bthr3$mean1 > 20 & bthr3$amplitude < 0 & bthr3$amplitude < -12 & bthr3$force >= i-interval/2 & bthr3$force < i+interval/2 #backslips only
all <- bthr3$force >= i-interval/2 & bthr3$force < i+interval/2 # all possible steps detected (incl detachments)

avF <- c(avF, i)

ccc <- dbb # a - foresteps, b - backsteps, d- detachments, dbb - detachments+big backsteps

avD <- c(avD, mean(bthr3$dwell[ccc], na.rm=TRUE) )
#avD <- c(avD, median(bthr3$dwell[ccc], na.rm=TRUE) )

dwell <- bthr3$dwell[p]; dwell <- dwell[!is.na(dwell)]
avDf <- c(avDf, mean(bthr3$dwell[a], na.rm=TRUE) )
avDb <- c(avDb, mean(bthr3$dwell[b], na.rm=TRUE) )
avDd <- c(avDd, mean(bthr3$dwell[d], na.rm=TRUE) )
se  <- c(se, sd(bthr3$dwell[ccc], na.rm=TRUE)/sqrt(length(bthr3$dwell[ccc])))

avA <- c(avA, mean(bthr3$amplitude[p], na.rm=TRUE) )


nfor <- c( nfor, length(bthr3$amplitude[a]) )
nback <- c( nback, length(bthr3$amplitude[b]) )
nbackall <- c( nbackall, length(bthr3$amplitude[bb]) )
ndrop <- c( ndrop, length(bthr3$amplitude[d]) )
nslip <- c( nslip, length(bthr3$amplitude[bs]) )
nall <- c(nall,length(bthr3$amplitude[all]) )
nDf <- c( nDf, sum(!is.na(bthr3$dwell[a])) )
nDb <- c( nDf, sum(!is.na(bthr3$dwell[b])) )


#plot(bthr3$force[ccc],bthr3$dwell[ccc],ylim=c(0.01,10),xlim=c(ffrom,fto),log="y", col=coll,type="p",cex=0.4,
#,xlab="",ylab="")
#par(new=TRUE) #allows overlaying plots

}
#####

####################### plotting

#plot(avF,avD, type="p",col="red")
#plot(avF, avA)
#plot(avF, avA/avD, xlim=c(3,9), ylim=c(-50,250), xlab="Force, pN",
#ylab="Velocity, nm/s")

#ratio <- nfor/nback
ratio <- nfor/(nback+ndrop+nslip)


plot(avF, ratio, type="p", col = coll, xlim=c(ffrom,fto), log="y",ylim=c(0.01,100),
xlab="Force, pN", ylab="Forestep/Backstep+BB+Det ratio ",pch=19,cex=1.2)
axis(1,seq(0,10,1))
axis(2,c(0.01,0.1,1,10,100))

all <- nfor+nback+nslip+ndrop

t <- matrix(nfor/all ,byrow=F,nrow=1,ncol=fto-ffrom+1)
t <- rbind(t,nback/all)
t <- rbind(t,nslip/all)
t <- rbind(t,ndrop/all)



#barplot(t,names.arg=avF,xlab="Force, pN",ylab="Probability",
#legend.text=c("Foresteps","Backsteps","Backsteps < -12","Detachments"),
#args.legend = list(x = 10, y=1.18,cex=0.8),main=title)

#lines(avF, nfor/(nback+nfor+ndrop), type="l", lty=2, col = "black", xlim=c(3,8),ylim=c(0,1), main="Pombe")
#lines(avF, nback/(nback+nfor+ndrop), type="l",lty=2, col = "red", xlim=c(3,8),ylim=c(0,1))
#lines(avF, ndrop/(nback+nfor+ndrop), type="l",lty=2, col = "blue", xlim=c(3,8),ylim=c(0,1))


#plot(avF,nfor,type="l")
#lines(avF,nback, col="blue")

#plot(bthr3$force, bthr3$amplitude, ylim=c(-200,50),xlim=c(ffrom,fto),pch=16,cex=0.4,col=coll)
#plot(bthr3$force[a], bthr3$dwell[a], ylim=c(0.001,10),xlim=c(ffrom,fto),log="y",col=2)
#plot(avF,avDf,type="p",col=coll,lwd=6)
#plot(avF,avD, ylim=c(0.01,10),xlim=c(ffrom,fto),log="y",col=coll,type="b",pch=19,lwd=3)


################# tony's type of error bars


error <- sqrt( ratio*(1+ratio)/(nback) )


lower <- ratio-error
